solid Arrow
  facet normal 0.43548270883387374 0.8805215025274762 -0.18718091220385438
    outer loop
      vertex 0.14699979930820717 0.04999999701976779 0.3419999861594434
      vertex 0.14699979930820717 0 0.10679399221564044
      vertex 2.7891395859569457e-9 0.04999999701976775 -1.0851621823348978e-9
    endloop
  endfacet
  facet normal -0.43548270883387374 -0.8805215025274762 0.18718091220385438
    outer loop
      vertex 2.7891395859569457e-9 0.04999999701976775 -1.0851621823348978e-9
      vertex 0.14699979930820717 0 0.10679399221564044
      vertex 0.14699979930820717 0.04999999701976779 0.3419999861594434
    endloop
  endfacet
  facet normal -0.5877578375482896 4.491057388287599e-16 0.8090369116428239
    outer loop
      vertex 0.14699979930820717 0.04999999701976776 0.10679399221564043
      vertex 2.7891395859569457e-9 0.04999999701976775 -1.0851621823348978e-9
      vertex 0.14699979930820717 0 0.10679399221564044
    endloop
  endfacet
  facet normal -0.5877578375482896 0 0.8090369116428239
    outer loop
      vertex 2.7891395859569457e-9 0.04999999701976775 -1.0851621823348978e-9
      vertex 0.14699979930820717 0.04999999701976776 0.10679399221564043
      vertex 0.14699979930820717 0.09999999403953552 0.10679399221564043
    endloop
  endfacet
  facet normal 0.5877578375482896 0 -0.8090369116428239
    outer loop
      vertex 0.14699979930820717 0.09999999403953552 0.10679399221564043
      vertex 0.14699979930820717 0.04999999701976776 0.10679399221564043
      vertex 2.7891395859569457e-9 0.04999999701976775 -1.0851621823348978e-9
    endloop
  endfacet
  facet normal 0.5877568345786974 0 0.8090376402900114
    outer loop
      vertex 0.14699979930820717 0.04999999701976776 0.10679399221564043
      vertex 0.29399997906649133 0.04999999701976775 -1.0851621823348978e-9
      vertex 0.14699979930820717 0.09999999403953552 0.10679399221564043
    endloop
  endfacet
  facet normal 0.5877568345786973 0 0.8090376402900114
    outer loop
      vertex 0.29399997906649133 0.04999999701976775 -1.0851621823348978e-9
      vertex 0.14699979930820717 0.04999999701976776 0.10679399221564043
      vertex 0.14699979930820717 0 0.10679399221564044
    endloop
  endfacet
  facet normal -0.5877568345786974 0 -0.8090376402900114
    outer loop
      vertex 0.14699979930820717 0.09999999403953552 0.10679399221564043
      vertex 0.29399997906649133 0.04999999701976775 -1.0851621823348978e-9
      vertex 0.14699979930820717 0.04999999701976776 0.10679399221564043
    endloop
  endfacet
  facet normal 0.43548178881120075 0.8805219378725471 0.18718100474933677
    outer loop
      vertex 0.29399997906649133 0.04999999701976775 -1.0851621823348978e-9
      vertex 0.14699979930820717 0.09999999403953552 0.10679399221564043
      vertex 0.14699979930820717 0.04999999701976779 0.3419999861594434
    endloop
  endfacet
  facet normal -0.43548178881120075 -0.8805219378725471 -0.18718100474933677
    outer loop
      vertex 0.14699979930820717 0.04999999701976779 0.3419999861594434
      vertex 0.14699979930820717 0.09999999403953552 0.10679399221564043
      vertex 0.29399997906649133 0.04999999701976775 -1.0851621823348978e-9
    endloop
  endfacet
  facet normal 0.4354827088338737 -0.8805215025274764 -0.18718091220385413
    outer loop
      vertex 0.14699979930820717 0.04999999701976779 0.3419999861594434
      vertex 2.7891395859569457e-9 0.04999999701976775 -1.0851621823348978e-9
      vertex 0.14699979930820717 0.09999999403953552 0.10679399221564043
    endloop
  endfacet
  facet normal -0.4354827088338737 0.8805215025274764 0.18718091220385413
    outer loop
      vertex 0.14699979930820717 0.09999999403953552 0.10679399221564043
      vertex 2.7891395859569457e-9 0.04999999701976775 -1.0851621823348978e-9
      vertex 0.14699979930820717 0.04999999701976779 0.3419999861594434
    endloop
  endfacet
  facet normal -1 0 0
    outer loop
      vertex 0.14699979930820717 0.04999999701976779 0.3419999861594434
      vertex 0.14699979930820717 0.09999999403953552 0.10679399221564043
      vertex 0.14699979930820717 0.04999999701976776 0.10679399221564043
    endloop
  endfacet
  facet normal 1 0 0
    outer loop
      vertex 0.14699979930820717 0.04999999701976776 0.10679399221564043
      vertex 0.14699979930820717 0.09999999403953552 0.10679399221564043
      vertex 0.14699979930820717 0.04999999701976779 0.3419999861594434
    endloop
  endfacet
  facet normal -1 1.1800539945687688e-15 0
    outer loop
      vertex 0.14699979930820717 0.04999999701976779 0.3419999861594434
      vertex 0.14699979930820717 0.04999999701976776 0.10679399221564043
      vertex 0.14699979930820717 0 0.10679399221564044
    endloop
  endfacet
  facet normal 1 -1.1800539945687688e-15 0
    outer loop
      vertex 0.14699979930820717 0 0.10679399221564044
      vertex 0.14699979930820717 0.04999999701976776 0.10679399221564043
      vertex 0.14699979930820717 0.04999999701976779 0.3419999861594434
    endloop
  endfacet
  facet normal -0.5877568345786973 0 -0.8090376402900114
    outer loop
      vertex 0.14699979930820717 0 0.10679399221564044
      vertex 0.14699979930820717 0.04999999701976776 0.10679399221564043
      vertex 0.29399997906649133 0.04999999701976775 -1.0851621823348978e-9
    endloop
  endfacet
  facet normal 0.5877578375482896 -4.491057388287599e-16 -0.8090369116428239
    outer loop
      vertex 0.14699979930820717 0 0.10679399221564044
      vertex 2.7891395859569457e-9 0.04999999701976775 -1.0851621823348978e-9
      vertex 0.14699979930820717 0.04999999701976776 0.10679399221564043
    endloop
  endfacet
  facet normal -0.43548178881120075 0.8805219378725471 -0.18718100474933694
    outer loop
      vertex 0.29399997906649133 0.04999999701976775 -1.0851621823348978e-9
      vertex 0.14699979930820717 0 0.10679399221564044
      vertex 0.14699979930820717 0.04999999701976779 0.3419999861594434
    endloop
  endfacet
  facet normal 0.43548178881120075 -0.8805219378725471 0.18718100474933694
    outer loop
      vertex 0.14699979930820717 0.04999999701976779 0.3419999861594434
      vertex 0.14699979930820717 0 0.10679399221564044
      vertex 0.29399997906649133 0.04999999701976775 -1.0851621823348978e-9
    endloop
  endfacet
endsolid Arrow
